158 313331
316 140690
486 68740
85 45465
178 17858
209 15747
470 12841
366 12547
157 12065
177 11864
16 11352
2 10604
376 9966
352 9290
318 8967
385 7026
277 6805
10 6746
207 6510
19 5760
444 5640
133 5275
403 5164
131 5162
106 5003
326 4827
148 4378
247 4317
134 4277
377 4185
297 4116
387 4018
225 4000
186 3958
90 3956
159 3746
283 3654
418 3633
96 3572
51 3324
457 3306
361 3292
103 3248
38 3204
79 3190
420 3169
325 3139
217 3125
169 3119
221 3102
8 3085
112 3041
285 2938
260 2914
100 2903
466 2854
335 2846
345 2845
74 2830
87 2808
429 2796
125 2787
182 2779
160 2772
317 2772
220 2755
257 2748
49 2745
135 2707
415 2686
73 2686
473 2684
128 2682
261 2681
332 2657
355 2653
396 2647
61 2645
255 2639
320 2634
192 2631
290 2629
307 2613
313 2597
487 2595
451 2590
226 2585
367 2581
349 2569
105 2562
102 2559
153 2558
60 2543
126 2541
4 2540
467 2537
190 2535
414 2521
465 2519
350 2516
199 2512
348 2511
59 2503
108 2483
56 2483
440 2480
202 2474
43 2472
408 2463
80 2427
236 2421
405 2419
391 2416
212 2409
110 2397
13 2391
229 2390
493 2375
123 2374
64 2367
495 2365
322 2362
140 2354
116 2349
17 2348
164 2346
18 2340
308 2340
381 2339
289 2333
251 2330
397 2327
98 2327
65 2323
111 2311
152 2305
412 2298
398 2288
249 2275
286 2274
314 2266
258 2264
239 2261
227 2260
293 2252
304 2241
337 2239
215 2238
77 2238
195 2235
198 2233
147 2219
70 2218
42 2213
29 2210
101 2209
371 2209
156 2208
357 2192
445 2192
39 2187
324 2173
127 2171
75 2168
197 2167
342 2160
276 2157
146 2149
189 2148
302 2132
95 2125
93 2124
254 2107
104 2105
168 2087
274 2083
438 2080
268 2074
144 2068
91 2066
362 2050
423 2046
360 2029
82 2022
329 2010
231 2003
303 1996
179 1994
333 1993
481 1992
184 1987
336 1986
57 1983
63 1977
129 1975
272 1974
191 1972
121 1964
52 1964
1 1963
456 1961
162 1955
138 1954
24 1943
390 1932
69 1931
145 1922
183 1917
299 1916
109 1915
378 1913
208 1911
211 1911
234 1911
294 1909
170 1906
477 1904
132 1903
269 1902
275 1895
5 1890
446 1888
235 1882
139 1871
365 1860
238 1850
479 1847
223 1841
252 1841
120 1837
204 1835
175 1823
407 1822
23 1818
143 1812
0 1798
210 1796
328 1794
472 1788
478 1788
340 1784
142 1783
388 1770
78 1768
203 1767
463 1766
484 1765
222 1762
118 1752
319 1751
363 1750
46 1743
47 1741
300 1739
33 1738
281 1730
11 1723
266 1723
452 1723
84 1712
271 1709
21 1708
400 1705
248 1699
113 1697
233 1696
250 1691
431 1689
71 1688
330 1685
86 1685
149 1674
321 1674
25 1670
309 1670
298 1669
306 1668
196 1664
386 1653
216 1643
141 1640
447 1639
453 1631
150 1628
187 1626
284 1625
305 1625
37 1623
372 1620
45 1614
200 1611
344 1608
26 1607
151 1606
441 1604
288 1597
181 1594
270 1587
280 1584
173 1580
404 1579
343 1576
114 1570
442 1566
327 1564
218 1561
449 1561
331 1557
99 1554
353 1553
3 1549
193 1547
15 1545
72 1540
256 1539
425 1535
53 1529
176 1525
380 1520
369 1519
334 1506
435 1499
264 1498
92 1495
488 1492
107 1490
311 1490
124 1489
494 1489
122 1487
346 1484
458 1479
41 1478
154 1477
263 1477
246 1471
83 1471
482 1468
450 1467
241 1464
489 1463
434 1462
443 1458
422 1453
213 1452
136 1451
32 1447
439 1445
89 1444
97 1444
115 1439
130 1436
490 1436
498 1434
279 1425
499 1425
27 1420
265 1400
278 1400
237 1394
291 1394
253 1387
20 1384
341 1379
347 1372
161 1367
165 1367
411 1365
497 1364
460 1361
44 1357
368 1351
427 1347
430 1345
240 1344
375 1342
243 1337
402 1337
232 1335
292 1335
339 1333
48 1331
483 1321
476 1319
6 1316
459 1306
338 1305
31 1303
461 1294
474 1291
462 1283
428 1280
437 1274
419 1254
323 1252
174 1250
379 1236
351 1230
436 1223
354 1220
359 1218
382 1212
416 1211
54 1209
287 1207
409 1207
312 1172
395 1164
296 1163
392 1163
188 1145
485 1143
242 1141
310 1138
417 1131
206 1126
194 1125
185 1120
421 1120
301 1114
219 1113
30 1108
76 1101
393 1095
399 1095
315 1092
496 1092
244 1081
373 1064
273 1063
282 1061
58 1055
81 1049
410 1046
94 1046
230 1044
424 1042
475 1041
413 1031
50 1028
117 1019
454 1009
62 1000
34 994
370 994
40 992
68 986
201 983
163 981
259 970
228 963
492 953
356 931
137 924
66 924
22 919
245 916
384 912
394 906
448 900
9 894
172 892
12 891
35 889
469 888
155 887
55 885
468 846
14 836
167 833
433 820
364 817
383 809
119 804
464 792
432 786
358 784
205 752
426 749
267 728
214 723
455 669
67 666
88 654
28 650
180 647
389 642
171 626
471 609
36 603
406 594
7 593
401 548
166 472
262 351
480 277
224 254
295 209
491 141
374 28
