316 7014097
470 2933442
335 2899690
85 2510452
486 2422551
318 2380080
178 2293097
16 2108147
265 1998309
376 1989471
277 1659689
90 1624459
186 1478226
96 1448086
134 1415789
385 1337715
366 1320461
157 1320037
361 1317015
79 1284720
457 1259263
444 1230554
87 1221454
285 1221078
169 1217260
221 1193040
391 1190075
352 1153274
367 1148942
418 1141885
125 1136648
133 1135098
61 1124846
473 1123406
131 1120887
77 1113361
112 1112625
126 1105492
283 1091496
43 1089760
182 1087566
199 1081091
100 1077031
226 1074597
355 1073560
451 1073437
320 1072917
396 1062281
487 1056023
350 1054473
110 1053741
39 1050767
349 1050280
405 1048349
4 1047950
105 1043065
190 1039675
10 1034359
59 1033609
60 1032601
74 1013877
308 1010705
290 1010400
465 997105
229 990598
408 982427
257 981735
102 973061
29 970664
197 970649
381 969456
398 967945
215 966731
64 962874
140 959422
192 957258
127 953634
236 953195
123 950189
286 944056
317 944031
293 942660
65 942536
397 934309
212 932844
103 932241
289 931738
164 928163
98 927064
202 923850
313 915591
260 907137
93 903760
412 902088
254 901846
304 895139
116 892586
493 885891
156 885658
324 881079
101 880948
144 880106
276 864280
258 858833
159 858415
146 848686
360 847435
95 844447
111 839590
104 839005
272 838643
70 838361
147 834156
91 832822
251 831244
456 826239
153 820799
135 820298
82 818770
329 816088
208 814976
198 814375
121 811668
69 810116
179 810012
132 801511
414 798945
322 796571
184 796146
342 791232
57 790835
495 789422
478 788026
275 787334
415 787277
467 786483
138 786239
239 783021
33 782698
294 782082
189 779931
302 777089
390 774233
325 772471
148 770794
477 770539
170 770510
24 767799
17 767471
145 763915
328 760351
378 758880
109 757399
142 757221
108 756042
222 753766
249 753168
173 752692
204 752179
52 749353
299 748615
51 746461
336 741933
252 737996
38 737657
330 736694
269 736057
46 735795
463 735311
234 734622
75 734372
309 734358
0 733920
220 730178
407 730168
446 728725
472 727457
225 725319
268 723780
255 722157
271 721473
365 718530
227 718285
284 717586
319 716606
281 715899
303 715476
78 713558
235 712263
250 710647
86 710193
386 710046
387 708527
274 708245
18 707471
280 707367
377 706593
223 704949
400 702891
440 700870
369 700816
484 698365
150 696331
8 692746
441 692480
118 690349
139 689631
47 688061
216 687786
175 686356
326 686344
115 685869
49 684488
333 683439
183 683437
210 679868
162 677793
266 677479
445 676392
71 673187
11 670239
479 670193
420 669078
195 668774
181 668327
21 668046
25 665682
141 664893
129 663974
371 663609
388 662193
45 657988
305 657081
345 656002
331 655540
168 653949
211 652768
442 651877
187 650281
203 650219
332 649250
357 647676
218 647555
26 645307
213 642793
3 642251
488 641779
160 641736
136 641482
363 641089
372 640611
72 640493
120 640491
143 638008
344 636328
449 636328
23 635619
347 635459
288 634864
327 630576
404 629663
149 629428
83 628650
246 628100
196 625322
298 621437
311 620322
53 619397
231 618714
346 615645
270 615610
306 612030
453 608287
130 607581
341 607033
497 606100
292 605669
458 603467
15 603359
339 603351
435 601251
238 597979
233 597857
447 595755
32 595260
13 594177
375 593851
343 593273
264 592421
200 591904
307 589504
368 589050
494 588422
425 586853
338 584609
466 582064
154 579349
41 579287
278 578064
122 577710
241 576914
434 575943
97 574727
114 572348
380 572308
92 572227
2 571316
176 570064
353 569310
482 568251
443 565421
423 565240
206 564417
431 561601
460 559996
20 557574
161 556922
1 555456
263 554422
450 549072
348 548873
462 548472
63 547691
300 547510
261 546826
459 545098
430 544104
321 544037
42 542859
439 542376
253 538619
237 538397
27 536863
489 536328
256 535625
5 535125
124 534117
428 533648
44 531523
452 527813
240 527499
359 526336
6 525337
31 523051
291 521045
48 519741
490 519414
73 518689
379 515225
301 513661
481 513148
99 513042
419 511313
287 507807
188 504202
191 499727
402 493817
413 493162
485 492990
409 492310
113 491432
483 490468
165 488123
37 486850
80 483261
354 482712
410 482491
399 475202
416 473241
437 473204
310 471552
174 471113
89 471057
340 469126
395 466800
438 466653
498 465971
421 464311
362 463676
107 463141
323 462777
296 462427
152 460992
496 460733
364 459301
30 458018
474 457687
84 454237
312 453581
9 451960
248 448507
334 446682
81 446433
117 444832
411 443237
337 436793
55 435009
232 430434
392 429297
351 429097
393 426598
219 426226
76 424258
499 424195
242 422302
244 420642
454 419680
40 416878
54 415256
163 411675
427 409987
373 409265
185 409229
315 405798
158 403715
475 403188
273 402517
259 401665
230 401411
461 400541
62 400443
50 399084
436 398888
370 395644
424 394350
282 393808
468 390941
193 390037
356 389663
433 387350
172 386196
417 386003
34 381169
382 380453
137 378198
12 378096
228 372431
492 372126
426 370690
201 369793
464 368079
245 362809
476 358264
22 355960
358 355610
94 355610
314 354709
119 349160
155 341486
14 340413
384 338909
448 337536
394 332715
432 329043
205 323315
383 321531
167 319356
58 318842
171 315901
214 312847
68 310749
177 308095
66 302655
88 298111
469 284059
7 277260
243 272250
422 266320
455 261452
389 255589
67 251118
180 251037
28 248905
471 243505
207 241529
36 235551
480 227959
401 219235
166 215755
194 171750
151 166362
267 118794
209 94776
128 88050
224 77910
262 55763
19 54695
406 49282
247 49099
295 40801
217 29943
297 27707
491 27080
403 23055
429 20744
106 20528
56 17473
279 15356
35 14036
374 3277
